E2 — Multi-window benchmark set
=========================================================
instance      ships  served  unassigned  cap_viol      ms
---------------------------------------------------------
lc101            53      53           0         0     662
lc102            53      52           2         0     790
lc103            52      50           4         0    1000
lc104            53      53           0         0    1521
lc105            53      53           0         0     902
lc106            53      53           0         0    1015
lc107            53      53           0         0     713
lc108            53      53           0         0     957
lc109            53      53           0         0     976
lr101            53      53           0         0     436
lr102            55      55           0         0     998
lr103            52      52           0         0    1170
lr104            52      52           0         0    1236
lr105            53      53           0         0     956
lr106            52      52           0         0     996
lr107            52      52           0         0    1350
lr108            50      50           0         0    1214
lr109            53      53           0         0     903
lr110            52      52           0         0    1209
lr111            54      54           0         0    1190
lr112            53      53           0         0    1287
lrc101           53      53           0         0     690
lrc102           53      53           0         0     893
lrc103           53      53           0         0    1133
lrc104           54      54           0         0    1213
lrc105           54      54           0         0     969
lrc106           53      53           0         0     927
lrc107           53      53           0         0    1115
lrc108           52      52           0         0    1186
---------------------------------------------------------
TOTAL          1532    1529           6         0        

cap_viol must be 0 across all instances.